image: race2.pgm
resolution: 0.05
origin: [-0.949913, -7.23201, 0.0]
negate: 0
occupied_thresh: 0.65
free_thresh: 0.196
